Results:

Stream S Results:
S1: 4542.305
S2: 4086.711371513992
S3: 3986.9852262406453
S4: 4425.620706540941
S5: 3067.935274302282
S6: 3818.9554721775917
S7: 3628.0916596997495

d Composition Results:
d1[Benzene]: 0.276670030695396
d1[Toluene]: 0.03245526633579285
d1[OrthoXylene]: 0.0
d1[MetaXylene]: 0.0
d1[Ethylbenzene]: 0.0
d1[ParaXylene]: 0.0
d1[TwoMethylbutane]: 1e-05
d2[Benzene]: 0.005213937418065674
d2[Toluene]: 0.5580391003842464
d2[OrthoXylene]: 0.0
d2[MetaXylene]: 0.0
d2[Ethylbenzene]: 0.0
d2[ParaXylene]: 0.0
d2[TwoMethylbutane]: 0.0
d3[Benzene]: 0.0
d3[Toluene]: 0.013197696764780798
d3[OrthoXylene]: 0.0
d3[MetaXylene]: 0.0
d3[Ethylbenzene]: 0.0
d3[ParaXylene]: 5.947051534237947e-06
d3[TwoMethylbutane]: 0.0

b Composition Results:
b1[Benzene]: 0.005787558290442308
b1[Toluene]: 0.632074279436493
b1[OrthoXylene]: 0.15653750179267148
b1[MetaXylene]: 0.027798508324171647
b1[Ethylbenzene]: 0.0
b1[ParaXylene]: 0.00011392831280398216
b1[TwoMethylbutane]: 0.0
b2[Benzene]: 0.0
b2[Toluene]: 0.016428448377700033
b2[OrthoXylene]: 0.2034308586063427
b2[MetaXylene]: 0.03612600400287309
b2[Ethylbenzene]: 0.0
b2[ParaXylene]: 0.0001480573934543979
b2[TwoMethylbutane]: 0.0
b3[Benzene]: 0.0
b3[Toluene]: 1e-05
b3[OrthoXylene]: 0.17202230967109838
b3[MetaXylene]: 0.03054835775818633
b3[Ethylbenzene]: 8.81791528739264e-16
b3[ParaXylene]: 0.00011893827815687299
b3[TwoMethylbutane]: 0.0

Stream Table:
        Benzene      Toluene  OrthoXylene  MetaXylene  Ethylbenzene  ParaXylene  TwoMethylbutane
S1  1153.745470  2652.706120   624.112707  110.832242           0.0    0.454231              0.0
S2  1130.793044   132.818121     0.000000    0.000000           0.0    0.000000              0.0
S3    23.124514  2520.173345   623.963184  110.838189           0.0    0.398699              0.0
S4    23.013228  2469.496351     0.000000    0.000000           0.0    0.000000              0.0
S5     0.000000    50.314139   624.018040  110.752464           0.0    0.306794              0.0
S6     0.000000    50.410213     0.000000    0.000000           0.0    0.000000              0.0
S7     0.000000     0.000000   624.031772  110.656797           0.0    0.362809              0.0
