Results:

Stream S Results:
S1: 288.2
S2: 80.18300304301559
S3: 208.01699695698443
S4: 158.15954509807798
S5: 49.85745185890643
S6: 3.199311600163753
S7: 46.65814025874268

d Composition Results:
d1[Benzene]: 0.8946876679277587
d1[Toluene]: 0.10495291621199822
d1[OrthoXylene]: 0.0
d1[MetaXylene]: 0.0
d1[Ethylbenzene]: 0.0
d1[ParaXylene]: 0.0
d1[TwoMethylbenzene]: 0.00035942779524656895
d2[Benzene]: 0.00925682986184685
d2[Toluene]: 0.9907431935444039
d2[OrthoXylene]: 0.0
d2[MetaXylene]: 0.0
d2[Ethylbenzene]: 0.0
d2[ParaXylene]: 0.0
d2[TwoMethylbenzene]: 0.0
d3[Benzene]: 2.6569494936299523e-07
d3[Toluene]: 0.9995485278259046
d3[OrthoXylene]: 2.6569494936299523e-07
d3[MetaXylene]: 2.6569494936299523e-07
d3[Ethylbenzene]: 1.5810480802027573e-26
d3[ParaXylene]: 0.0004504093942978987
d3[TwoMethylbenzene]: 2.6569494936299523e-07

b Composition Results:
b1[Benzene]: 0.007038155638323882
b1[Toluene]: 0.7686552653823001
b1[OrthoXylene]: 0.1903627135247441
b1[MetaXylene]: 0.0338053144832879
b1[Ethylbenzene]: 1.2399340979517493e-27
b1[ParaXylene]: 0.00013854637083314715
b1[TwoMethylbenzene]: 4.600510732791718e-09
b2[Benzene]: 4.6722267604313885e-08
b2[Toluene]: 0.06414020534081423
b2[OrthoXylene]: 0.7942379428467757
b2[MetaXylene]: 0.1410437103745366
b2[Ethylbenzene]: 1.7619868592568165e-27
b2[ParaXylene]: 0.0005780479933382644
b2[TwoMethylbenzene]: 4.6722267604313885e-08
b3[Benzene]: 8.992662168427963e-09
b3[Toluene]: 8.992662168427963e-09
b3[OrthoXylene]: 0.8486982074383066
b3[MetaXylene]: 0.15071496551306177
b3[Ethylbenzene]: 8.782612604988042e-28
b3[ParaXylene]: 0.0005868000706451173
b3[TwoMethylbenzene]: 8.992662168427963e-09
