Results:

Stream S Results:
S1: 288.2
S2: 80.1830032003234
S3: 208.01699679967658
S4: 158.15954496498574
S5: 49.85745183469083
S6: 3.199311633439417
S7: 46.658140201251406

d Composition Results:
d1[Benzene]: 0.894687666172507
d1[Toluene]: 0.10495291600609548
d1[OrthoXylene]: 0.0
d1[MetaXylene]: 0.0
d1[Ethylbenzene]: 3.834651728754721e-30
d1[ParaXylene]: 0.0
d1[TwoMethylbutane]: 0.0003594277945414218
d2[Benzene]: 0.009256829869636577
d2[Toluene]: 0.9907431943781203
d2[OrthoXylene]: 0.0
d2[MetaXylene]: 0.0
d2[Ethylbenzene]: 2.361453424316577e-29
d2[ParaXylene]: 0.0
d2[TwoMethylbutane]: 0.0
d3[Benzene]: 2.682951672731422e-07
d3[Toluene]: 0.9995485174297177
d3[OrthoXylene]: 2.682951672731422e-07
d3[MetaXylene]: 2.682951672731422e-07
d3[Ethylbenzene]: 0.0
d3[ParaXylene]: 0.0004504093896132453
d3[TwoMethylbutane]: 2.682951672731422e-07

b Composition Results:
b1[Benzene]: 0.007038155643646355
b1[Toluene]: 0.7686552659635771
b1[OrthoXylene]: 0.19036271366870133
b1[MetaXylene]: 0.03380531450885235
b1[Ethylbenzene]: 1.342835648331336e-29
b1[ParaXylene]: 0.00013854637093791948
b1[TwoMethylbutane]: 3.844285101693504e-09
b2[Benzene]: 4.64794193193264e-08
b2[Toluene]: 0.06414020537196694
b2[OrthoXylene]: 0.7942379432325345
b2[MetaXylene]: 0.1410437104430411
b2[Ethylbenzene]: 0.0
b2[ParaXylene]: 0.0005780479936190208
b2[TwoMethylbutane]: 4.64794193193264e-08
b3[Benzene]: 8.58193524171219e-09
b3[Toluene]: 8.58193524171219e-09
b3[OrthoXylene]: 0.8486982084840563
b3[MetaXylene]: 0.15071496569876985
b3[Ethylbenzene]: 3.023305511857531e-29
b3[ParaXylene]: 0.0005868000713681612
b3[TwoMethylbutane]: 8.58193524171219e-09
