Results:

Stream S Results:
S1: 288.2
S2: 148.4635689977404
S3: 202.91953380311645
S4: 313.63472695724033
S5: 53.80979809553841
S6: 6.396655211450624
S7: 60.7822881278263

d Composition Results:
d1[Benzene]: 0.4832077289010068
d1[Toluene]: 0.05668353560947062
d1[OrthoXylene]: 0.0
d1[MetaXylene]: 0.0
d1[Ethylbenzene]: 0.0
d1[ParaXylene]: 0.0
d1[TwoMethylbutane]: 1e-05
d2[Benzene]: 0.004668028997310634
d2[Toluene]: 0.49961142479405096
d2[OrthoXylene]: 0.0
d2[MetaXylene]: 0.0
d2[Ethylbenzene]: 0.0
d2[ParaXylene]: 0.0
d2[TwoMethylbutane]: 0.0
d3[Benzene]: 0.0
d3[Toluene]: 0.49992802396701397
d3[OrthoXylene]: 0.0
d3[MetaXylene]: 0.0
d3[Ethylbenzene]: 8.596104444539128e-15
d3[ParaXylene]: 0.00022527398340258428
d3[TwoMethylbutane]: 0.0

b Composition Results:
b1[Benzene]: 0.0072149584249513775
b1[Toluene]: 0.7879643571187049
b1[OrthoXylene]: 0.1951447416512438
b1[MetaXylene]: 0.03465452471827037
b1[Ethylbenzene]: 1.014930556947382e-16
b1[ParaXylene]: 0.00014202674064864909
b1[TwoMethylbutane]: 0.0
b2[Benzene]: 0.0
b2[Toluene]: 0.05942908751157598
b2[OrthoXylene]: 0.7359009214212817
b2[MetaXylene]: 0.13068400642415778
b2[Ethylbenzene]: 7.560820817590335e-16
b2[ParaXylene]: 0.0005355901902629416
b2[TwoMethylbutane]: 0.0
b3[Benzene]: 0.0
b3[Toluene]: 1e-05
b3[OrthoXylene]: 0.6514838651141797
b3[MetaXylene]: 0.1156929134555021
b3[Ethylbenzene]: 0.0
b3[ParaXylene]: 0.00045044372042101226
b3[TwoMethylbutane]: 0.0
