Results:

Stream S Results:
S1: 288.2
S2: 80.18300400000003
S3: 208.01699599999998
S4: 158.15954879999995
S5: 49.857447200000024
S6: 3.199308200000027
S7: 46.65813899999999

d Composition Results:
d1[Benzene]: 0.8946876572496583
d1[Toluene]: 0.10495291495938493
d1[OrthoXylene]: 0.0
d1[MetaXylene]: 0.0
d1[Ethylbenzene]: 0.0
d1[ParaXylene]: 0.0
d1[TwoMethylbutane]: 0.0003594277909567967
d2[Benzene]: 0.009256829644595883
d2[Toluene]: 0.9907431703548208
d2[OrthoXylene]: 0.0
d2[MetaXylene]: 0.0
d2[Ethylbenzene]: 1.0643115313617047e-12
d2[ParaXylene]: 0.0
d2[TwoMethylbutane]: 0.0
d3[Benzene]: 0.0
d3[Toluene]: 0.9995495901270132
d3[OrthoXylene]: 0.0
d3[MetaXylene]: 0.0
d3[Ethylbenzene]: 2.557148857402033e-15
d3[ParaXylene]: 0.0004504098729844128
d3[TwoMethylbutane]: 0.0

b Composition Results:
b1[Benzene]: 0.007038155670702986
b1[Toluene]: 0.768655268918507
b1[OrthoXylene]: 0.19036271440050984
b1[MetaXylene]: 0.03380531463880961
b1[Ethylbenzene]: 4.224384078706972e-17
b1[ParaXylene]: 0.0001385463714705312
b1[TwoMethylbutane]: 0.0
b2[Benzene]: 7.121314328646869e-26
b2[Toluene]: 0.06414021133436647
b2[OrthoXylene]: 0.7942380170639779
b2[MetaXylene]: 0.1410437235543018
b2[Ethylbenzene]: 1.6743875088651685e-16
b2[ParaXylene]: 0.0005780480473536958
b2[TwoMethylbutane]: 7.121314328646869e-26
b3[Benzene]: 8.552997192990523e-26
b3[Toluene]: 3.8156098232680074e-13
b3[OrthoXylene]: 0.8486982303356103
b3[MetaXylene]: 0.15071496957715091
b3[Ethylbenzene]: 3.8156098232680074e-13
b3[ParaXylene]: 0.0005868000864758024
b3[TwoMethylbutane]: 8.552997192990523e-26
