Results:

Stream S Results:
S1: 4542.305
S2: 2305.966036294192
S3: 3187.2667978899635
S4: 4924.587340947766
S5: 847.4897108755546
S6: 100.8716025863169
S7: 956.4315722612812

d Composition Results:
d1[Benzene]: 0.49032403027802046
d1[Toluene]: 0.05751832590437966
d1[OrthoXylene]: 0.0
d1[MetaXylene]: 0.0
d1[Ethylbenzene]: 0.0
d1[ParaXylene]: 0.0
d1[TwoMethylbutane]: 1e-05
d2[Benzene]: 0.004685653396403996
d2[Toluene]: 0.5014977350863062
d2[OrthoXylene]: 0.0
d2[MetaXylene]: 0.0
d2[Ethylbenzene]: 0.0
d2[ParaXylene]: 0.0
d2[TwoMethylbutane]: 0.0
d3[Benzene]: 0.0
d3[Toluene]: 0.4996591209787817
d3[OrthoXylene]: 0.0
d3[MetaXylene]: 0.0
d3[Ethylbenzene]: 1.486939900079972e-15
d3[ParaXylene]: 0.00022515281226513298
d3[TwoMethylbutane]: 0.0

b Composition Results:
b1[Benzene]: 0.007239716930906473
b1[Toluene]: 0.7906682978871863
b1[OrthoXylene]: 0.195814391005226
b1[MetaXylene]: 0.03477344352640113
b1[Ethylbenzene]: 1.776822090716225e-17
b1[ParaXylene]: 0.00014251411281311939
b1[TwoMethylbutane]: 0.0
b2[Benzene]: 0.0
b2[Toluene]: 0.059471419691844433
b2[OrthoXylene]: 0.736425114064476
b2[MetaXylene]: 0.13077709449179922
b2[Ethylbenzene]: 1.3198240142981176e-16
b2[ParaXylene]: 0.000535971698736882
b2[TwoMethylbutane]: 0.0
b3[Benzene]: 0.0
b3[Toluene]: 1e-05
b3[OrthoXylene]: 0.6525429786099771
b3[MetaXylene]: 0.11588099474587658
b3[Ethylbenzene]: 0.0
b3[ParaXylene]: 0.0004511760041335358
b3[TwoMethylbutane]: 0.0
